NumPy:
[[ 100.  100.  100.  100.  100.]
 [   0.   25.   25.   25.    0.]
 [   0.    0.    0.    0.    0.]
 [   0.    0.    0.    0.    0.]
 [   0.    0.    0.    0.    0.]]

Blitz:
[[ 100.         100.         100.         100.         100.       ]
 [   0.          25.          31.25        32.8125       0.       ]
 [   0.           6.25         9.375       10.546875     0.       ]
 [   0.           1.5625       2.734375     3.3203125    0.       ]
 [   0.           0.           0.           0.           0.       ]]
